1.0540000000000305
0.9739999999999895
0.561999999999955
0.06100000000003547
0.4089999999999918
0.48900000000003274
0.28500000000008185
0.6540000000000532
0.33099999999996044
0.8789999999999623
0.6929999999999836
1.6649999999999636
0.07299999999997908
0.6429999999999154
0.21699999999998454
1.2180000000000177
1.702000000000055
0.18999999999994088
0.9259999999999309
0.07300000000003593
0.7409999999999854
1.272000000000105
0.3009999999999877
0.5100000000000477
0.28099999999994907
0.9990000000000236
0.5740000000000691
0.3370000000001028
0.32900000000000773
0.5219999999999345
0.2980000000000018
1.4150000000001342
0.07099999999996953
0.9250000000000114
0.9410000000000309
0.4329999999999927
1.1469999999999914
0.8559999999999377
0.26399999999995316
1.0160000000000764
0.9960000000000377
0.6450000000000387
1.1700000000000728
0.9309999999999832
0.15499999999997272
0.7229999999999563
1.0620000000000118
0.5150000000001
0.438000000000045
0.5700000000001069
0.4130000000000109
0.7659999999999627
1.2350000000000705
1.0349999999999682
0.717999999999904
0.7689999999999486
0.35600000000010823
0.6840000000000828
0.5799999999999841
1.3450000000000273
1.5750000000001023
1.0639999999999645
0.37700000000000955
0.3459999999999468
1.122000000000014
1.200999999999965
0.3509999999999991
0.9630000000000223
0.6669999999999732
0.8179999999999836
0.3210000000000264
0.5269999999999868
0.20799999999997
0.8129999999999882
0.9049999999999727
0.5450000000000159
1.162999999999954
0.41900000000003956
0.9010000000000105
0.875
0.29800000000005866
0.9599999999999227
0.45100000000002183
0.48500000000012733
0.5690000000000168
0.48699999999996635
0.09400000000005093
0.19699999999994589
0.6020000000000323
0.8029999999999973
0.5540000000000873
0.5870000000000459
0.5249999999999773
0.6759999999999877
0.5569999999999595
0.7520000000000095
0.48699999999996635
0.12700000000000955
0.6519999999999868
0.19700000000000273
